12 0 17.9 .03582 3.9
12 1 17.9 .03279 5.0
12 2 17.9 .02995 6.0
12 3 17.8 .02725 7.0
12 4 17.8 .02464 8.0
12 5 17.8 .02209 9.0
12 6 17.8 .01954 10.0
12 7 17.7 .01699 10.9
12 8 17.7 .01440 11.9
12 9 17.6 .01178 12.9
12 10 17.5 .00911 13.9
12 11 17.5 .00641 14.9
12 12 17.4 .00368 15.9
12 13 17.3 .00095 17.0
12 14 17.3 -.00175 18.0
15 0 15.1 .04397 -2.2
15 1 15.1 .04101 -1.0
15 2 15.1 .03822 .1
15 3 15.1 .03555 1.1
15 4 15.0 .03293 2.1
15 5 14.9 .03033 3.0
15 6 14.8 .02772 3.9
15 7 14.7 .02508 4.9
15 8 14.7 .02240 5.9
15 9 14.6 .01967 7.0
15 10 14.6 .01692 8.0
15 11 14.6 .01417 9.1
15 12 14.6 .01145 10.1
15 13 14.5 .00880 11.1
15 14 14.5 .00628 12.0
18 0 12.2 .05194 -8.2
18 1 12.2 .04912 -7.2
18 2 12.1 .04635 -6.2
18 3 12.1 .04362 -5.1
18 4 12.1 .04091 -4.0
18 5 12.0 .03821 -2.9
18 6 12.0 .03551 -1.8
18 7 11.9 .03281 -.8
18 8 11.9 .03011 .2
18 9 11.8 .02741 1.2
18 10 11.8 .02472 2.2
18 11 11.8 .02204 3.2
18 12 11.7 .01940 4.1
18 13 11.7 .01680 5.1
18 14 11.6 .01428 6.1